19 0.4984375 0.4984375 0.99609375 0.99609375
19 0.2421875 0.82421875 0.484375 0.34375
19 0.3671875 0.35 0.3515625 0.19921875
19 0.11875 0.8234375 0.2375 0.34375
19 0.7875 0.84765625 0.23046875 0.296875
19 0.4 0.12890625 0.43359375 0.2578125
19 0.8734375 0.80859375 0.24609375 0.203125
19 0.78125 0.6796875 0.4296875 0.6328125
19 0.7328125 0.509375 0.30078125 0.29296875
19 0.3375 0.6484375 0.48046875 0.25
19 0.25625 0.96875 0.45703125 0.0546875
19 0.84765625 0.56640625 0.296875 0.1796875
19 0.04296875 0.52734375 0.0859375 0.3125
19 0.4625 0.740625 0.40234375 0.14453125
19 0.0546875 0.06875 0.109375 0.13671875
19 0.6171875 0.009375 0.296875 0.01875