19 0.5015625 0.4984375 0.996875 0.996875
19 0.17578125 0.2421875 0.34375 0.484375
19 0.65 0.3671875 0.2 0.3515625
19 0.1765625 0.11875 0.34375 0.2375
19 0.15234375 0.7875 0.296875 0.23125
19 0.87109375 0.4 0.2578125 0.434375
19 0.19140625 0.8734375 0.203125 0.246875
19 0.3203125 0.78125 0.6328125 0.4296875
19 0.490625 0.7328125 0.29375 0.3
19 0.3515625 0.3375 0.25 0.48125
19 0.03125 0.25625 0.0546875 0.45625
19 0.43359375 0.84765625 0.1796875 0.296875
19 0.47265625 0.04296875 0.3125 0.0859375
19 0.259375 0.4625 0.14375 0.403125
19 0.93125 0.0546875 0.1375 0.109375
19 0.990625 0.6171875 0.01875 0.296875