19 0.7484375 0.303125 0.2625 0.48125
19 0.5015625 0.4984375 0.996875 0.996875
19 0.6015625 0.4453125 0.3046875 0.328125
19 0.234375 0.3515625 0.296875 0.328125
19 0.040625 0.321875 0.075 0.309375
19 0.5 0.165625 0.4140625 0.2625
19 0.5140625 0.640625 0.503125 0.140625
19 0.203125 0.615625 0.3984375 0.48125
19 0.3921875 0.8375 0.64375 0.315625
19 0.88125 0.19375 0.2 0.16875
19 0.453125 0.8125 0.125 0.265625
19 0.27734375 0.19140625 0.2421875 0.234375
19 0.90234375 0.4859375 0.1953125 0.2625
19 0.1265625 0.50390625 0.20625 0.25
19 0.4765625 0.01953125 0.2734375 0.0390625
19 0.9703125 0.4515625 0.059375 0.2
19 0.83984375 0.375 0.078125 0.2578125
19 0.46484375 0.0453125 0.5234375 0.090625