19 0.5015625 0.5015625 0.996875 0.996875
19 0.521875 0.290625 0.221875 0.14375
19 0.671875 0.6328125 0.25 0.2890625
19 0.146875 0.946875 0.10625 0.10625
19 0.4828125 0.7515625 0.14375 0.465625
19 0.87109375 0.7828125 0.15625 0.184375
19 0.87734375 0.975 0.1765625 0.05
19 0.1078125 0.08203125 0.184375 0.1015625
19 0.2125 0.3828125 0.2 0.2890625
19 0.96484375 0.03125 0.0703125 0.0546875
19 0.9390625 0.521875 0.121875 0.325
19 0.59375 0.603125 0.4140625 0.7625
19 0.3765625 0.11328125 0.23125 0.1015625