19 0.4984375 0.4984375 0.99609375 0.99609375
19 0.709375 0.478125 0.14453125 0.22265625
19 0.3671875 0.328125 0.2890625 0.25
19 0.053125 0.853125 0.10546875 0.10546875
19 0.2484375 0.5171875 0.46484375 0.14453125
19 0.2171875 0.12890625 0.18359375 0.15625
19 0.025 0.12265625 0.05 0.1765625
19 0.91796875 0.8921875 0.1015625 0.18359375
19 0.6171875 0.7875 0.2890625 0.19921875
19 0.96875 0.03515625 0.0546875 0.0703125
19 0.478125 0.0609375 0.32421875 0.12109375
19 0.396875 0.40625 0.76171875 0.4140625
19 0.88671875 0.6234375 0.1015625 0.23046875