19 0.696875 0.2515625 0.48125 0.2625
19 0.5015625 0.4984375 0.996875 0.996875
19 0.5546875 0.3984375 0.328125 0.3046875
19 0.6484375 0.765625 0.328125 0.296875
19 0.678125 0.959375 0.309375 0.075
19 0.834375 0.5 0.2625 0.4140625
19 0.359375 0.4859375 0.140625 0.503125
19 0.384375 0.796875 0.48125 0.3984375
19 0.1625 0.6078125 0.315625 0.64375
19 0.80625 0.11875 0.16875 0.2
19 0.1875 0.546875 0.265625 0.125
19 0.80859375 0.72265625 0.234375 0.2421875
19 0.5140625 0.09765625 0.2625 0.1953125
19 0.49609375 0.8734375 0.25 0.20625
19 0.98046875 0.5234375 0.0390625 0.2734375
19 0.5484375 0.0296875 0.2 0.059375
19 0.625 0.16015625 0.2578125 0.078125
19 0.9546875 0.53515625 0.090625 0.5234375