19 0.2515625 0.303125 0.26171875 0.48046875
19 0.4984375 0.4984375 0.99609375 0.99609375
19 0.3984375 0.4453125 0.3046875 0.328125
19 0.765625 0.3515625 0.296875 0.328125
19 0.959375 0.321875 0.07421875 0.30859375
19 0.5 0.165625 0.4140625 0.26171875
19 0.4859375 0.640625 0.50390625 0.140625
19 0.796875 0.615625 0.3984375 0.48046875
19 0.6078125 0.8375 0.64453125 0.31640625
19 0.11875 0.19375 0.19921875 0.16796875
19 0.546875 0.8125 0.125 0.265625
19 0.72265625 0.19140625 0.2421875 0.234375
19 0.09765625 0.4859375 0.1953125 0.26171875
19 0.8734375 0.50390625 0.20703125 0.25
19 0.5234375 0.01953125 0.2734375 0.0390625
19 0.0296875 0.4515625 0.05859375 0.19921875
19 0.16015625 0.375 0.078125 0.2578125
19 0.53515625 0.0453125 0.5234375 0.08984375