19 0.5015625 0.4984375 0.996875 0.996875
19 0.290625 0.478125 0.14375 0.221875
19 0.6328125 0.328125 0.2890625 0.25
19 0.946875 0.853125 0.10625 0.10625
19 0.7515625 0.5171875 0.465625 0.14375
19 0.7828125 0.12890625 0.184375 0.15625
19 0.975 0.12265625 0.05 0.1765625
19 0.08203125 0.8921875 0.1015625 0.184375
19 0.3828125 0.7875 0.2890625 0.2
19 0.03125 0.03515625 0.0546875 0.0703125
19 0.521875 0.0609375 0.325 0.121875
19 0.603125 0.40625 0.7625 0.4140625
19 0.11328125 0.6234375 0.1015625 0.23125