19 0.05078125 0.8203125 0.09375 0.328125
19 0.71875 0.26171875 0.2578125 0.46875
19 0.625 0.5 0.75 0.9453125
19 0.55703125 0.071875 0.3171875 0.14375
19 0.8453125 0.57421875 0.309375 0.7734375
19 0.6640625 0.75390625 0.15625 0.328125
19 0.865625 0.78203125 0.26875 0.3390625
19 0.06875 0.478125 0.128125 0.153125
19 0.8421875 0.35234375 0.315625 0.3234375
19 0.43125 0.4125 0.3625 0.253125
19 0.4859375 0.96484375 0.221875 0.0625
19 0.16015625 0.0375 0.3125 0.075
19 0.484375 0.06640625 0.171875 0.1328125
19 0.353125 0.915625 0.2625 0.159375
19 0.0765625 0.1953125 0.14375 0.3828125
19 0.0453125 0.240625 0.08125 0.278125
19 0.07109375 0.071875 0.1328125 0.14375