19 0.7984375 0.271875 0.26875 0.54375
19 0.1734375 0.89453125 0.340625 0.203125
19 0.2359375 0.459375 0.3 0.91875
19 0.5015625 0.4984375 0.996875 0.996875
19 0.9609375 0.1234375 0.078125 0.246875
19 0.4296875 0.1953125 0.4453125 0.390625
19 0.59765625 0.4765625 0.3359375 0.2265625
19 0.1 0.625 0.190625 0.2265625
19 0.9125 0.72734375 0.175 0.3328125
19 0.0328125 0.396875 0.059375 0.659375
19 0.5375 0.92578125 0.20625 0.140625
19 0.9609375 0.27734375 0.078125 0.5546875
19 0.5171875 0.259375 0.26875 0.2625
19 0.9203125 0.1171875 0.159375 0.234375
19 0.9203125 0.46953125 0.159375 0.2140625
19 0.1 0.3734375 0.190625 0.721875