19 0.24375 0.34453125 0.4875 0.5203125
19 0.7984375 0.66796875 0.39453125 0.4765625
19 0.4984375 0.4984375 0.99609375 0.99609375
19 0.0625 0.6546875 0.125 0.23046875
19 0.165625 0.5296875 0.13671875 0.16015625
19 0.725 0.9671875 0.23828125 0.05859375
19 0.05625 0.91171875 0.1125 0.1671875
19 0.1890625 0.96484375 0.26171875 0.0625
19 0.95234375 0.0640625 0.0859375 0.128125
19 0.4921875 0.59375 0.25 0.21875
19 0.7171875 0.1859375 0.23828125 0.18359375
19 0.796875 0.2328125 0.3984375 0.35546875
19 0.0625 0.7578125 0.125 0.4765625