19 0.2015625 0.271875 0.26953125 0.54296875
19 0.8265625 0.89453125 0.33984375 0.203125
19 0.7640625 0.459375 0.30078125 0.91796875
19 0.4984375 0.4984375 0.99609375 0.99609375
19 0.0390625 0.1234375 0.078125 0.24609375
19 0.5703125 0.1953125 0.4453125 0.390625
19 0.40234375 0.4765625 0.3359375 0.2265625
19 0.9 0.625 0.19140625 0.2265625
19 0.0875 0.72734375 0.175 0.3328125
19 0.9671875 0.396875 0.05859375 0.66015625
19 0.4625 0.92578125 0.20703125 0.140625
19 0.0390625 0.27734375 0.078125 0.5546875
19 0.4828125 0.259375 0.26953125 0.26171875
19 0.0796875 0.1171875 0.159375 0.234375
19 0.0796875 0.46953125 0.159375 0.2140625
19 0.9 0.3734375 0.19140625 0.72265625