19 0.24375 0.65546875 0.4875 0.5203125
19 0.7984375 0.33203125 0.3953125 0.4765625
19 0.4984375 0.5015625 0.996875 0.996875
19 0.0625 0.3453125 0.125 0.23125
19 0.165625 0.4703125 0.1375 0.1609375
19 0.725 0.0328125 0.2390625 0.059375
19 0.05625 0.08828125 0.1125 0.1671875
19 0.1890625 0.03515625 0.2625 0.0625
19 0.95234375 0.9359375 0.0859375 0.128125
19 0.4921875 0.40625 0.25 0.21875
19 0.7171875 0.8140625 0.2375 0.184375
19 0.796875 0.7671875 0.3984375 0.35625
19 0.0625 0.2421875 0.125 0.4765625