19 0.94921875 0.8203125 0.09375 0.328125
19 0.28125 0.26171875 0.2578125 0.46875
19 0.375 0.5 0.75 0.9453125
19 0.44296875 0.071875 0.3171875 0.14375
19 0.1546875 0.57421875 0.30859375 0.7734375
19 0.3359375 0.75390625 0.15625 0.328125
19 0.134375 0.78203125 0.26875 0.3390625
19 0.93125 0.478125 0.12890625 0.15234375
19 0.1578125 0.35234375 0.315625 0.3234375
19 0.56875 0.4125 0.36328125 0.25390625
19 0.5140625 0.96484375 0.22265625 0.0625
19 0.83984375 0.0375 0.3125 0.07421875
19 0.515625 0.06640625 0.171875 0.1328125
19 0.646875 0.915625 0.26171875 0.16015625
19 0.9234375 0.1953125 0.14453125 0.3828125
19 0.9546875 0.240625 0.08203125 0.27734375
19 0.92890625 0.071875 0.1328125 0.14375