19 0.728125 0.2015625 0.54375 0.26875
19 0.10546875 0.8265625 0.203125 0.340625
19 0.540625 0.7640625 0.91875 0.3015625
19 0.5015625 0.4984375 0.996875 0.996875
19 0.8765625 0.0390625 0.246875 0.078125
19 0.8046875 0.5703125 0.390625 0.4453125
19 0.5234375 0.40234375 0.2265625 0.3359375
19 0.375 0.9 0.2265625 0.1921875
19 0.27265625 0.0875 0.3328125 0.175
19 0.603125 0.9671875 0.659375 0.059375
19 0.07421875 0.4625 0.140625 0.20625
19 0.72265625 0.0390625 0.5546875 0.078125
19 0.740625 0.4828125 0.2625 0.2703125
19 0.8828125 0.0796875 0.234375 0.159375
19 0.53046875 0.0796875 0.2140625 0.159375
19 0.6265625 0.9 0.721875 0.1921875