19 0.8203125 0.05078125 0.328125 0.09375
19 0.26171875 0.71875 0.46875 0.2578125
19 0.5 0.625 0.9453125 0.75
19 0.071875 0.55703125 0.14375 0.3171875
19 0.57421875 0.8453125 0.7734375 0.309375
19 0.75390625 0.6640625 0.328125 0.15625
19 0.78203125 0.865625 0.3390625 0.26875
19 0.478125 0.06875 0.153125 0.128125
19 0.35234375 0.8421875 0.3234375 0.315625
19 0.4125 0.43125 0.253125 0.3625
19 0.96484375 0.4859375 0.0625 0.221875
19 0.0375 0.16015625 0.075 0.3125
19 0.06640625 0.484375 0.1328125 0.171875
19 0.915625 0.353125 0.159375 0.2625
19 0.1953125 0.0765625 0.3828125 0.14375
19 0.240625 0.0453125 0.278125 0.08125
19 0.071875 0.07109375 0.14375 0.1328125