19 0.5015625 0.4984375 0.996875 0.996875
19 0.7578125 0.6796875 0.484375 0.6328125
19 0.02734375 0.109375 0.046875 0.21875
19 0.4921875 0.1796875 0.4453125 0.359375
19 0.2640625 0.13125 0.128125 0.2625
19 0.2984375 0.41796875 0.29375 0.34375
19 0.37109375 0.0390625 0.2109375 0.078125
19 0.9515625 0.10546875 0.096875 0.2109375
19 0.8375 0.9 0.278125 0.190625
19 0.64453125 0.0640625 0.140625 0.121875
19 0.5703125 0.21875 0.1171875 0.2890625
19 0.984375 0.1 0.03125 0.2
19 0.140625 0.2171875 0.234375 0.340625
19 0.08203125 0.5859375 0.15625 0.4375
19 0.44140625 0.1546875 0.125 0.175