19 0.4984375 0.4984375 0.99609375 0.99609375
19 0.2421875 0.6796875 0.484375 0.6328125
19 0.97265625 0.109375 0.046875 0.21875
19 0.5078125 0.1796875 0.4453125 0.359375
19 0.7359375 0.13125 0.12890625 0.26171875
19 0.7015625 0.41796875 0.29296875 0.34375
19 0.62890625 0.0390625 0.2109375 0.078125
19 0.0484375 0.10546875 0.096875 0.2109375
19 0.1625 0.9 0.27734375 0.19140625
19 0.35546875 0.0640625 0.140625 0.12109375
19 0.4296875 0.21875 0.1171875 0.2890625
19 0.015625 0.1 0.03125 0.19921875
19 0.859375 0.2171875 0.234375 0.33984375
19 0.91796875 0.5859375 0.15625 0.4375
19 0.55859375 0.1546875 0.125 0.17578125