19 0.38125 0.6890625 0.25390625 0.49609375
19 0.4984375 0.4984375 0.99609375 0.99609375
19 0.640625 0.90234375 0.7109375 0.1875
19 0.82421875 0.90234375 0.34375 0.1875
19 0.0234375 0.91015625 0.046875 0.171875
19 0.41796875 0.115625 0.1796875 0.14453125
19 0.25625 0.19140625 0.24609375 0.1875
19 0.140625 0.7984375 0.1640625 0.20703125
19 0.22265625 0.56875 0.4453125 0.26953125
19 0.9765625 0.725 0.0390625 0.19921875
19 0.9046875 0.4046875 0.18359375 0.34765625
19 0.1796875 0.37109375 0.359375 0.1875
19 0.98828125 0.31875 0.015625 0.16796875
19 0.26171875 0.4 0.3515625 0.20703125
19 0.75625 0.5640625 0.14453125 0.21484375
19 0.896875 0.31875 0.16796875 0.17578125
19 0.0546875 0.2421875 0.109375 0.1484375
19 0.46875 0.96484375 0.3671875 0.0625
19 0.05625 0.0390625 0.1125 0.078125
19 0.9671875 0.4921875 0.05859375 0.1796875
19 0.0078125 0.796875 0.015625 0.203125
19 0.5765625 0.16796875 0.24609375 0.1640625
19 0.27734375 0.51171875 0.5546875 0.8515625
19 0.953125 0.08984375 0.0859375 0.171875