19 0.3109375 0.61875 0.496875 0.253125
19 0.5015625 0.5015625 0.996875 0.996875
19 0.09765625 0.359375 0.1875 0.7109375
19 0.09765625 0.17578125 0.1875 0.34375
19 0.08984375 0.9765625 0.171875 0.046875
19 0.884375 0.58203125 0.14375 0.1796875
19 0.80859375 0.74375 0.1875 0.246875
19 0.2015625 0.859375 0.20625 0.1640625
19 0.43125 0.77734375 0.26875 0.4453125
19 0.275 0.0234375 0.2 0.0390625
19 0.5953125 0.0953125 0.346875 0.184375
19 0.62890625 0.8203125 0.1875 0.359375
19 0.68125 0.01171875 0.16875 0.015625
19 0.6 0.73828125 0.20625 0.3515625
19 0.4359375 0.24375 0.215625 0.14375
19 0.68125 0.103125 0.175 0.16875
19 0.7578125 0.9453125 0.1484375 0.109375
19 0.03515625 0.53125 0.0625 0.3671875
19 0.9609375 0.94375 0.078125 0.1125
19 0.5078125 0.0328125 0.1796875 0.059375
19 0.203125 0.9921875 0.203125 0.015625
19 0.83203125 0.4234375 0.1640625 0.246875
19 0.48828125 0.72265625 0.8515625 0.5546875
19 0.91015625 0.046875 0.171875 0.0859375