19 0.4046875 0.5 0.75390625 0.5625
19 0.8671875 0.1328125 0.2578125 0.2265625
19 0.021875 0.553125 0.04296875 0.19140625
19 0.8109375 0.9 0.23828125 0.17578125
19 0.5625 0.053125 0.3125 0.10546875
19 0.9546875 0.55625 0.08203125 0.19921875
19 0.4984375 0.4984375 0.99609375 0.99609375
19 0.09375 0.0546875 0.1875 0.109375
19 0.2125 0.0546875 0.425 0.109375
19 0.984375 0.37109375 0.0234375 0.2734375
19 0.5921875 0.81640625 0.76171875 0.3515625
19 0.4984375 0.0546875 0.99609375 0.109375
19 0.58984375 0.5625 0.375 0.3046875
19 0.021875 0.634375 0.04296875 0.42578125