19 0.5 0.5953125 0.5625 0.753125
19 0.1328125 0.1328125 0.2265625 0.2578125
19 0.553125 0.978125 0.190625 0.04375
19 0.9 0.1890625 0.175 0.2375
19 0.053125 0.4375 0.10625 0.3125
19 0.55625 0.0453125 0.2 0.08125
19 0.4984375 0.5015625 0.996875 0.996875
19 0.0546875 0.90625 0.109375 0.1875
19 0.0546875 0.7875 0.109375 0.425
19 0.37109375 0.015625 0.2734375 0.0234375
19 0.81640625 0.4078125 0.3515625 0.7625
19 0.0546875 0.5015625 0.109375 0.996875
19 0.5625 0.41015625 0.3046875 0.375
19 0.634375 0.978125 0.425 0.04375