19 0.0640625 0.76875 0.128125 0.453125
19 0.23046875 0.1234375 0.2421875 0.24609375
19 0.0375 0.3984375 0.07421875 0.328125
19 0.4984375 0.4984375 0.99609375 0.99609375
19 0.62890625 0.7046875 0.21875 0.37890625
19 0.36328125 0.2484375 0.7265625 0.49609375
19 0.5765625 0.7109375 0.11328125 0.3671875
19 0.6734375 0.5859375 0.64453125 0.6171875
19 0.6546875 0.17578125 0.63671875 0.3515625
19 0.0640625 0.49765625 0.128125 0.9953125
19 0.96015625 0.025 0.0703125 0.05
19 0.5765625 0.08984375 0.26171875 0.1796875