19 0.1109375 0.45078125 0.221875 0.3640625
19 0.1859375 0.1 0.1375 0.2
19 0.6625 0.709375 0.66875 0.496875
19 0.4984375 0.4984375 0.996875 0.996875
19 0.125 0.9046875 0.25 0.184375
19 0.421875 0.9078125 0.2734375 0.175
19 0.775 0.1875 0.440625 0.375
19 0.34375 0.4296875 0.2421875 0.1484375
19 0.30078125 0.9125 0.1328125 0.16875
19 0.109375 0.26171875 0.21875 0.0859375
19 0.115625 0.8046875 0.23125 0.0625
19 0.00390625 0.91796875 0.0078125 0.15625
19 0.7796875 0.765625 0.096875 0.265625
19 0.0078125 0.015625 0.015625 0.03125
19 0.3453125 0.3578125 0.246875 0.29375
19 0.5140625 0.54296875 0.090625 0.1484375
19 0.2796875 0.853125 0.559375 0.284375
19 0.0078125 0.03515625 0.015625 0.0703125
19 0.6546875 0.78515625 0.221875 0.34375
19 0.8828125 0.73828125 0.2265625 0.21875
19 0.4671875 0.4125 0.4875 0.409375
19 0.0078125 0.1078125 0.015625 0.215625
19 0.8046875 0.234375 0.2265625 0.28125