19 0.54921875 0.1109375 0.3640625 0.221875
19 0.9 0.1859375 0.2 0.1375
19 0.290625 0.6625 0.496875 0.66875
19 0.5015625 0.4984375 0.996875 0.996875
19 0.0953125 0.125 0.184375 0.25
19 0.0921875 0.421875 0.175 0.2734375
19 0.8125 0.775 0.375 0.440625
19 0.5703125 0.34375 0.1484375 0.2421875
19 0.0875 0.30078125 0.16875 0.1328125
19 0.73828125 0.109375 0.0859375 0.21875
19 0.1953125 0.115625 0.0625 0.23125
19 0.08203125 0.00390625 0.15625 0.0078125
19 0.234375 0.7796875 0.265625 0.0984375
19 0.984375 0.0078125 0.03125 0.015625
19 0.6421875 0.3453125 0.29375 0.246875
19 0.45703125 0.5140625 0.1484375 0.090625
19 0.146875 0.2796875 0.284375 0.559375
19 0.96484375 0.0078125 0.0703125 0.015625
19 0.21484375 0.6546875 0.34375 0.221875
19 0.26171875 0.8828125 0.21875 0.2265625
19 0.5875 0.4671875 0.409375 0.4875
19 0.8921875 0.0078125 0.215625 0.015625
19 0.765625 0.8046875 0.28125 0.2265625