19 0.4984375 0.5015625 0.996875 0.996875
19 0.640625 0.68359375 0.7109375 0.390625
19 0.6171875 0.328125 0.7578125 0.3984375
19 0.2421875 0.04296875 0.375 0.078125
19 0.55546875 0.85 0.4328125 0.3
19 0.94921875 0.8765625 0.09375 0.246875
19 0.09765625 0.8890625 0.1953125 0.221875
19 0.421875 0.228125 0.375 0.45
19 0.10546875 0.58203125 0.2109375 0.203125
19 0.21875 0.8890625 0.4375 0.221875
19 0.9140625 0.4046875 0.1640625 0.221875
19 0.2890625 0.18125 0.25 0.221875
19 0.24375 0.509375 0.325 0.98125