19 0.4984375 0.5015625 0.996875 0.996875
19 0.31640625 0.359375 0.390625 0.7109375
19 0.671875 0.3828125 0.3984375 0.7578125
19 0.95703125 0.7578125 0.078125 0.375
19 0.15 0.44453125 0.3 0.4328125
19 0.1234375 0.05078125 0.246875 0.09375
19 0.1109375 0.90234375 0.221875 0.1953125
19 0.771875 0.578125 0.45 0.375
19 0.41796875 0.89453125 0.203125 0.2109375
19 0.1109375 0.78125 0.221875 0.4375
19 0.5953125 0.0859375 0.2234375 0.1640625
19 0.81875 0.7109375 0.221875 0.25
19 0.490625 0.75625 0.98125 0.325