19 0.29296875 0.3921875 0.5859375 0.784375
19 0.9140625 0.8296875 0.1640625 0.33125
19 0.634375 0.828125 0.33125 0.3359375
19 0.753125 0.0875 0.484375 0.175
19 0.4984375 0.4984375 0.996875 0.996875
19 0.4078125 0.384375 0.3625 0.153125
19 0.25625 0.7984375 0.5125 0.39375
19 0.4078125 0.209375 0.33125 0.309375
19 0.18125 0.6015625 0.16875 0.3359375
19 0.08984375 0.2015625 0.1796875 0.340625
19 0.96171875 0.0171875 0.0671875 0.034375
19 0.48046875 0.9765625 0.6015625 0.0390625
19 0.0875 0.5546875 0.175 0.28125
19 0.2171875 0.20703125 0.221875 0.2578125
19 0.6859375 0.0453125 0.315625 0.090625
19 0.9625 0.05078125 0.065625 0.1015625
19 0.0875 0.89921875 0.175 0.1921875
19 0.08984375 0.803125 0.1796875 0.3875