19 0.70703125 0.6078125 0.5859375 0.784375
19 0.0859375 0.1703125 0.1640625 0.3328125
19 0.365625 0.171875 0.3328125 0.3359375
19 0.246875 0.9125 0.484375 0.175
19 0.5015625 0.5015625 0.996875 0.996875
19 0.5921875 0.615625 0.3625 0.153125
19 0.74375 0.2015625 0.5125 0.3953125
19 0.5921875 0.790625 0.3328125 0.309375
19 0.81875 0.3984375 0.16875 0.3359375
19 0.91015625 0.7984375 0.1796875 0.340625
19 0.03828125 0.9828125 0.0671875 0.034375
19 0.51953125 0.0234375 0.6015625 0.0390625
19 0.9125 0.4453125 0.175 0.28125
19 0.7828125 0.79296875 0.221875 0.2578125
19 0.3140625 0.9546875 0.3171875 0.090625
19 0.0375 0.94921875 0.0671875 0.1015625
19 0.9125 0.10078125 0.175 0.1921875
19 0.91015625 0.196875 0.1796875 0.3875