19 0.584375 0.59375 0.60625 0.28125
19 0.4984375 0.4984375 0.996875 0.996875
19 0.64453125 0.85546875 0.671875 0.2109375
19 0.9 0.03125 0.190625 0.0625
19 0.8671875 0.4046875 0.2578125 0.29375
19 0.446875 0.3109375 0.721875 0.621875
19 0.06640625 0.2265625 0.1328125 0.15625
19 0.1625 0.734375 0.221875 0.5234375
19 0.0375 0.365625 0.075 0.153125
19 0.29296875 0.86328125 0.1875 0.265625
19 0.078125 0.603125 0.15625 0.246875
19 0.6390625 0.49609375 0.715625 0.484375
19 0.03125 0.23046875 0.0625 0.1484375
19 0.896875 0.953125 0.2 0.0859375
19 0.06875 0.365625 0.1375 0.73125
19 0.9046875 0.08984375 0.184375 0.1796875
19 0.7484375 0.0609375 0.409375 0.121875