19 0.40625 0.584375 0.28125 0.60625
19 0.5015625 0.4984375 0.996875 0.996875
19 0.14453125 0.64453125 0.2109375 0.671875
19 0.96875 0.9 0.0625 0.190625
19 0.5953125 0.8671875 0.29375 0.2578125
19 0.6890625 0.446875 0.621875 0.721875
19 0.7734375 0.06640625 0.15625 0.1328125
19 0.265625 0.1625 0.5234375 0.221875
19 0.634375 0.0375 0.153125 0.075
19 0.13671875 0.29296875 0.265625 0.1875
19 0.396875 0.078125 0.246875 0.15625
19 0.50390625 0.6390625 0.484375 0.715625
19 0.76953125 0.03125 0.1484375 0.0625
19 0.046875 0.896875 0.0859375 0.2
19 0.634375 0.06875 0.73125 0.1375
19 0.91015625 0.9046875 0.1796875 0.184375
19 0.9390625 0.7484375 0.121875 0.409375