19 0.59375 0.584375 0.28125 0.60546875
19 0.4984375 0.4984375 0.99609375 0.99609375
19 0.85546875 0.64453125 0.2109375 0.671875
19 0.03125 0.9 0.0625 0.19140625
19 0.4046875 0.8671875 0.29296875 0.2578125
19 0.3109375 0.446875 0.62109375 0.72265625
19 0.2265625 0.06640625 0.15625 0.1328125
19 0.734375 0.1625 0.5234375 0.22265625
19 0.365625 0.0375 0.15234375 0.07421875
19 0.86328125 0.29296875 0.265625 0.1875
19 0.603125 0.078125 0.24609375 0.15625
19 0.49609375 0.6390625 0.484375 0.71484375
19 0.23046875 0.03125 0.1484375 0.0625
19 0.953125 0.896875 0.0859375 0.19921875
19 0.365625 0.06875 0.73046875 0.13671875
19 0.08984375 0.9046875 0.1796875 0.18359375
19 0.0609375 0.7484375 0.12109375 0.41015625