19 0.3921875 0.70703125 0.784375 0.5859375
19 0.8296875 0.0859375 0.33125 0.1640625
19 0.828125 0.365625 0.3359375 0.33125
19 0.0875 0.246875 0.175 0.484375
19 0.4984375 0.5015625 0.996875 0.996875
19 0.384375 0.5921875 0.153125 0.3625
19 0.7984375 0.74375 0.39375 0.5125
19 0.209375 0.5921875 0.309375 0.3328125
19 0.6015625 0.81875 0.3359375 0.16875
19 0.2015625 0.91015625 0.340625 0.1796875
19 0.0171875 0.03828125 0.034375 0.0671875
19 0.9765625 0.51953125 0.0390625 0.6015625
19 0.5546875 0.9125 0.28125 0.175
19 0.20703125 0.7828125 0.2578125 0.221875
19 0.0453125 0.3140625 0.090625 0.315625
19 0.05078125 0.0375 0.1015625 0.065625
19 0.89921875 0.9125 0.1921875 0.175
19 0.803125 0.91015625 0.3875 0.1796875