19 0.73828125 0.73828125 0.5234375 0.5234375
19 0.5015625 0.5015625 0.996875 0.996875
19 0.8453125 0.475 0.309375 0.496875
19 0.634375 0.328125 0.403125 0.2421875
19 0.43359375 0.1109375 0.25 0.215625
19 0.390625 0.509375 0.5859375 0.48125
19 0.28125 0.290625 0.5546875 0.575
19 0.17578125 0.7578125 0.34375 0.484375
19 0.04375 0.740625 0.078125 0.51875
19 0.9234375 0.16796875 0.153125 0.328125
19 0.875 0.884375 0.25 0.23125
19 0.13671875 0.2890625 0.265625 0.5703125
19 0.328125 0.1328125 0.453125 0.2578125