19 0.26171875 0.73828125 0.5234375 0.5234375
19 0.4984375 0.5015625 0.996875 0.996875
19 0.525 0.8453125 0.496875 0.309375
19 0.671875 0.634375 0.2421875 0.403125
19 0.8890625 0.43359375 0.215625 0.25
19 0.490625 0.390625 0.48125 0.5859375
19 0.709375 0.28125 0.575 0.5546875
19 0.2421875 0.17578125 0.484375 0.34375
19 0.259375 0.04375 0.51875 0.078125
19 0.83203125 0.9234375 0.328125 0.153125
19 0.115625 0.875 0.23125 0.25
19 0.7109375 0.13671875 0.5703125 0.265625
19 0.8671875 0.328125 0.2578125 0.453125