19 0.26171875 0.26171875 0.5234375 0.5234375
19 0.4984375 0.4984375 0.99609375 0.99609375
19 0.525 0.1546875 0.49609375 0.30859375
19 0.671875 0.365625 0.2421875 0.40234375
19 0.8890625 0.56640625 0.21484375 0.25
19 0.490625 0.609375 0.48046875 0.5859375
19 0.709375 0.71875 0.57421875 0.5546875
19 0.2421875 0.82421875 0.484375 0.34375
19 0.259375 0.95625 0.51875 0.078125
19 0.83203125 0.0765625 0.328125 0.15234375
19 0.115625 0.125 0.23046875 0.25
19 0.7109375 0.86328125 0.5703125 0.265625
19 0.8671875 0.671875 0.2578125 0.453125