19 0.4984375 0.4984375 0.99609375 0.99609375
19 0.2828125 0.571875 0.37109375 0.32421875
19 0.521875 0.9515625 0.38671875 0.08984375
19 0.87109375 0.0453125 0.25 0.08984375
19 0.56875 0.03515625 0.37890625 0.0703125
19 0.8265625 0.66796875 0.33984375 0.40625
19 0.35546875 0.859375 0.7109375 0.2734375
19 0.4609375 0.275 0.21875 0.13671875
19 0.96875 0.12109375 0.0546875 0.2421875
19 0.1578125 0.44296875 0.315625 0.3328125
19 0.9078125 0.984375 0.17578125 0.0234375
19 0.8703125 0.11875 0.25 0.2375
19 0.578125 0.365625 0.453125 0.33984375
19 0.009375 0.50390625 0.01875 0.2890625