19 0.5015625 0.5015625 0.996875 0.996875
19 0.7171875 0.428125 0.371875 0.325
19 0.478125 0.0484375 0.3859375 0.090625
19 0.12890625 0.9546875 0.25 0.090625
19 0.43125 0.96484375 0.3796875 0.0703125
19 0.1734375 0.33203125 0.340625 0.40625
19 0.64453125 0.140625 0.7109375 0.2734375
19 0.5390625 0.725 0.21875 0.1375
19 0.03125 0.87890625 0.0546875 0.2421875
19 0.8421875 0.55703125 0.315625 0.3328125
19 0.0921875 0.015625 0.175 0.0234375
19 0.1296875 0.88125 0.25 0.2375
19 0.421875 0.634375 0.453125 0.340625
19 0.990625 0.49609375 0.01875 0.2890625