19 0.4984375 0.4984375 0.996875 0.996875
19 0.571875 0.2828125 0.325 0.371875
19 0.9515625 0.521875 0.090625 0.3859375
19 0.0453125 0.87109375 0.090625 0.25
19 0.03515625 0.56875 0.0703125 0.3796875
19 0.66796875 0.8265625 0.40625 0.340625
19 0.859375 0.35546875 0.2734375 0.7109375
19 0.275 0.4609375 0.1375 0.21875
19 0.12109375 0.96875 0.2421875 0.0546875
19 0.44296875 0.1578125 0.3328125 0.315625
19 0.984375 0.9078125 0.0234375 0.175
19 0.11875 0.8703125 0.2375 0.25
19 0.365625 0.578125 0.340625 0.453125
19 0.50390625 0.009375 0.2890625 0.01875