19 0.5 0.59375 0.2421875 0.40625
19 0.75390625 0.240625 0.484375 0.4734375
19 0.196875 0.64296875 0.39375 0.4171875
19 0.90625 0.6859375 0.1796875 0.1921875
19 0.4984375 0.6953125 0.996875 0.609375
19 0.6890625 0.6890625 0.371875 0.309375
19 0.19921875 0.853125 0.3984375 0.29375
19 0.88125 0.3359375 0.23125 0.28125
19 0.1953125 0.146875 0.390625 0.2859375
19 0.92578125 0.9046875 0.140625 0.128125
19 0.1953125 0.146875 0.1328125 0.2859375
19 0.5 0.9625 0.171875 0.075
19 0.80390625 0.9203125 0.3828125 0.159375
19 0.06875 0.11875 0.1375 0.23125