19 0.5 0.40625 0.2421875 0.40625
19 0.75390625 0.759375 0.484375 0.47265625
19 0.196875 0.35703125 0.39375 0.4171875
19 0.90625 0.3140625 0.1796875 0.19140625
19 0.4984375 0.3046875 0.99609375 0.609375
19 0.6890625 0.3109375 0.37109375 0.30859375
19 0.19921875 0.146875 0.3984375 0.29296875
19 0.88125 0.6640625 0.23046875 0.28125
19 0.1953125 0.853125 0.390625 0.28515625
19 0.92578125 0.0953125 0.140625 0.12890625
19 0.1953125 0.853125 0.1328125 0.28515625
19 0.5 0.0375 0.171875 0.07421875
19 0.80390625 0.0796875 0.3828125 0.159375
19 0.06875 0.88125 0.13671875 0.23046875