19 0.59375 0.5 0.40625 0.2421875
19 0.240625 0.24609375 0.471875 0.484375
19 0.64296875 0.803125 0.4171875 0.39375
19 0.6859375 0.09375 0.190625 0.1796875
19 0.6953125 0.5015625 0.609375 0.996875
19 0.6890625 0.3109375 0.309375 0.371875
19 0.853125 0.80078125 0.29375 0.3984375
19 0.3359375 0.11875 0.28125 0.23125
19 0.146875 0.8046875 0.284375 0.390625
19 0.9046875 0.07421875 0.128125 0.140625
19 0.146875 0.8046875 0.284375 0.1328125
19 0.9625 0.5 0.075 0.171875
19 0.9203125 0.19609375 0.159375 0.3828125
19 0.11875 0.93125 0.23125 0.1375