19 0.4984375 0.4984375 0.99609375 0.99609375
19 0.771875 0.28515625 0.43359375 0.5703125
19 0.4359375 0.2953125 0.23046875 0.58984375
19 0.040625 0.46640625 0.08125 0.5734375
19 0.24765625 0.36875 0.4953125 0.7375
19 0.525 0.83984375 0.30078125 0.3125
19 0.29296875 0.37890625 0.453125 0.4375
19 0.26171875 0.81875 0.5234375 0.35546875
19 0.58359375 0.0796875 0.2296875 0.159375
19 0.8125 0.4 0.3671875 0.33984375
19 0.125 0.071875 0.25 0.14375
19 0.796875 0.5375 0.3984375 0.30078125
19 0.7875 0.7984375 0.41796875 0.39453125