19 0.5625 0.634375 0.8671875 0.44921875
19 0.2578125 0.734375 0.5 0.296875
19 0.4984375 0.4984375 0.99609375 0.99609375
19 0.90234375 0.3828125 0.1875 0.2265625
19 0.1421875 0.56171875 0.284375 0.1484375
19 0.90625 0.19375 0.1796875 0.38671875
19 0.7046875 0.9234375 0.58203125 0.14453125
19 0.9046875 0.4125 0.18359375 0.82421875
19 0.2328125 0.34375 0.46484375 0.3359375
19 0.38046875 0.1421875 0.2140625 0.284375
19 0.94375 0.459375 0.10546875 0.19921875
19 0.94140625 0.571875 0.109375 0.42578125