19 0.94375 0.74453125 0.1125 0.3484375
19 0.6859375 0.57421875 0.51875 0.1171875
19 0.5296875 0.25859375 0.940625 0.5078125
19 0.06640625 0.453125 0.125 0.234375
19 0.36875 0.1734375 0.590625 0.1921875
19 0.75625 0.3515625 0.16875 0.3203125
19 0.5015625 0.5015625 0.996875 0.996875
19 0.8828125 0.2046875 0.234375 0.215625
19 0.73828125 0.6953125 0.3828125 0.2421875
19 0.3453125 0.921875 0.1375 0.15625
19 0.084375 0.38125 0.1609375 0.3796875
19 0.178125 0.6234375 0.153125 0.2234375
19 0.1328125 0.94140625 0.2109375 0.1171875
19 0.525 0.9546875 0.215625 0.090625
19 0.9515625 0.95546875 0.096875 0.0890625
19 0.5625 0.06640625 0.3203125 0.125
19 0.49375 0.3375 0.409375 0.33125
19 0.12109375 0.6734375 0.234375 0.2078125
19 0.4390625 0.609375 0.315625 0.2734375
19 0.03125 0.2890625 0.0546875 0.1640625
19 0.046875 0.94140625 0.0859375 0.1171875
19 0.3609375 0.6 0.159375 0.253125
19 0.009375 0.9234375 0.0125 0.153125
19 0.1078125 0.259375 0.1125 0.1296875
19 0.6234375 0.725 0.6125 0.309375
19 0.084375 0.2796875 0.1609375 0.184375