19 0.05625 0.25546875 0.1125 0.3484375
19 0.3140625 0.42578125 0.51875 0.1171875
19 0.4703125 0.74140625 0.940625 0.5078125
19 0.93359375 0.546875 0.125 0.234375
19 0.63125 0.8265625 0.590625 0.190625
19 0.24375 0.6484375 0.16875 0.3203125
19 0.4984375 0.4984375 0.996875 0.996875
19 0.1171875 0.7953125 0.234375 0.215625
19 0.26171875 0.3046875 0.3828125 0.2421875
19 0.6546875 0.078125 0.1375 0.15625
19 0.915625 0.61875 0.159375 0.378125
19 0.821875 0.3765625 0.153125 0.221875
19 0.8671875 0.05859375 0.2109375 0.1171875
19 0.475 0.0453125 0.215625 0.090625
19 0.0484375 0.04453125 0.096875 0.0890625
19 0.4375 0.93359375 0.3203125 0.125
19 0.50625 0.6625 0.409375 0.33125
19 0.87890625 0.3265625 0.234375 0.20625
19 0.5609375 0.390625 0.315625 0.2734375
19 0.96875 0.7109375 0.0546875 0.1640625
19 0.953125 0.05859375 0.0859375 0.1171875
19 0.6390625 0.4 0.159375 0.253125
19 0.990625 0.0765625 0.0125 0.153125
19 0.8921875 0.740625 0.1125 0.128125
19 0.3765625 0.275 0.6125 0.309375
19 0.915625 0.7203125 0.159375 0.184375