19 0.4984375 0.4984375 0.99609375 0.99609375
19 0.146875 0.865625 0.29296875 0.26171875
19 0.9125 0.5015625 0.16796875 0.26953125
19 0.571875 0.73828125 0.84765625 0.515625
19 0.26953125 0.05078125 0.5390625 0.1015625
19 0.1390625 0.61875 0.27734375 0.19140625
19 0.603125 0.38671875 0.47265625 0.15625
19 0.9828125 0.34765625 0.02734375 0.2578125
19 0.071875 0.61015625 0.14375 0.1609375
19 0.1078125 0.1625 0.21484375 0.32421875
19 0.5140625 0.2421875 0.41015625 0.2734375
19 0.80625 0.1640625 0.28515625 0.1171875
19 0.26953125 0.15625 0.5390625 0.3125
19 0.79296875 0.8828125 0.40625 0.2265625
19 0.790625 0.71484375 0.41015625 0.15625
19 0.459375 0.60546875 0.56640625 0.3046875