19 0.4984375 0.4984375 0.996875 0.996875
19 0.865625 0.146875 0.2625 0.29375
19 0.5015625 0.9125 0.26875 0.16875
19 0.73828125 0.571875 0.515625 0.846875
19 0.05078125 0.26953125 0.1015625 0.5390625
19 0.61875 0.1390625 0.190625 0.278125
19 0.38671875 0.603125 0.15625 0.471875
19 0.34765625 0.9828125 0.2578125 0.028125
19 0.61015625 0.071875 0.1609375 0.14375
19 0.1625 0.1078125 0.325 0.215625
19 0.2421875 0.5140625 0.2734375 0.409375
19 0.1640625 0.80625 0.1171875 0.284375
19 0.15625 0.26953125 0.3125 0.5390625
19 0.8828125 0.79296875 0.2265625 0.40625
19 0.71484375 0.790625 0.15625 0.409375
19 0.60546875 0.459375 0.3046875 0.565625