19 0.5015625 0.5015625 0.996875 0.996875
19 0.853125 0.134375 0.29375 0.2625
19 0.0875 0.4984375 0.16875 0.2703125
19 0.428125 0.26171875 0.846875 0.515625
19 0.73046875 0.94921875 0.5390625 0.1015625
19 0.8609375 0.38125 0.278125 0.1921875
19 0.396875 0.61328125 0.471875 0.15625
19 0.0171875 0.65234375 0.028125 0.2578125
19 0.928125 0.38984375 0.14375 0.1609375
19 0.8921875 0.8375 0.215625 0.325
19 0.4859375 0.7578125 0.4109375 0.2734375
19 0.19375 0.8359375 0.284375 0.1171875
19 0.73046875 0.84375 0.5390625 0.3125
19 0.20703125 0.1171875 0.40625 0.2265625
19 0.209375 0.28515625 0.409375 0.15625
19 0.540625 0.39453125 0.565625 0.3046875