19 0.8515625 0.6328125 0.2890625 0.484375
19 0.1953125 0.2015625 0.203125 0.28515625
19 0.58984375 0.578125 0.515625 0.375
19 0.1171875 0.646875 0.1640625 0.21484375
19 0.4375 0.9625 0.390625 0.06640625
19 0.15625 0.90234375 0.1875 0.1875
19 0.046875 0.4984375 0.09375 0.19140625
19 0.9609375 0.525 0.0703125 0.20703125
19 0.4984375 0.4984375 0.99609375 0.99609375
19 0.884375 0.06875 0.14453125 0.13671875
19 0.0703125 0.9765625 0.140625 0.0390625
19 0.3453125 0.9046875 0.57421875 0.18359375
19 0.0484375 0.37578125 0.096875 0.4328125
19 0.0484375 0.54453125 0.096875 0.3859375
19 0.01953125 0.228125 0.0390625 0.17578125
19 0.6640625 0.540625 0.6640625 0.66796875