19 0.3671875 0.1484375 0.484375 0.2890625
19 0.7984375 0.8046875 0.284375 0.203125
19 0.421875 0.41015625 0.375 0.515625
19 0.353125 0.8828125 0.215625 0.1640625
19 0.0375 0.5625 0.065625 0.390625
19 0.09765625 0.84375 0.1875 0.1875
19 0.5015625 0.953125 0.190625 0.09375
19 0.475 0.0390625 0.20625 0.0703125
19 0.5015625 0.5015625 0.996875 0.996875
19 0.93125 0.115625 0.1375 0.14375
19 0.0234375 0.9296875 0.0390625 0.140625
19 0.0953125 0.6546875 0.184375 0.575
19 0.62421875 0.9515625 0.4328125 0.096875
19 0.45546875 0.9515625 0.3859375 0.096875
19 0.771875 0.98046875 0.175 0.0390625
19 0.459375 0.3359375 0.66875 0.6640625