19 0.1484375 0.3671875 0.2890625 0.484375
19 0.8046875 0.7984375 0.203125 0.2859375
19 0.41015625 0.421875 0.515625 0.375
19 0.8828125 0.353125 0.1640625 0.215625
19 0.5625 0.0375 0.390625 0.065625
19 0.84375 0.09765625 0.1875 0.1875
19 0.953125 0.5015625 0.09375 0.190625
19 0.0390625 0.475 0.0703125 0.20625
19 0.5015625 0.5015625 0.996875 0.996875
19 0.115625 0.93125 0.1453125 0.1375
19 0.9296875 0.0234375 0.140625 0.0390625
19 0.6546875 0.0953125 0.575 0.184375
19 0.9515625 0.62421875 0.096875 0.4328125
19 0.9515625 0.45546875 0.096875 0.3859375
19 0.98046875 0.771875 0.0390625 0.1765625
19 0.3359375 0.459375 0.6640625 0.66875