19 0.271875 0.490625 0.534375 0.39375
19 0.553125 0.73828125 0.496875 0.515625
19 0.5015625 0.4984375 0.996875 0.996875
19 0.76796875 0.2671875 0.4640625 0.534375
19 0.9546875 0.80625 0.090625 0.184375
19 0.80859375 0.40625 0.3828125 0.2890625
19 0.70234375 0.103125 0.3328125 0.20625
19 0.86328125 0.13671875 0.2734375 0.2734375
19 0.5328125 0.37890625 0.190625 0.125
19 0.3125 0.0453125 0.34375 0.090625
19 0.9609375 0.9359375 0.078125 0.121875
19 0.1625 0.8359375 0.315625 0.3203125
19 0.91796875 0.609375 0.1640625 0.140625
19 0.30625 0.240625 0.378125 0.346875
19 0.9203125 0.76484375 0.159375 0.4609375
19 0.91796875 0.5796875 0.1640625 0.309375
19 0.946875 0.821875 0.10625 0.346875
19 0.1328125 0.3828125 0.2578125 0.1796875