19 0.509375 0.271875 0.39375 0.534375
19 0.26171875 0.553125 0.515625 0.496875
19 0.5015625 0.5015625 0.996875 0.996875
19 0.7328125 0.76796875 0.534375 0.4640625
19 0.19375 0.9546875 0.184375 0.090625
19 0.59375 0.80859375 0.2890625 0.3828125
19 0.896875 0.70234375 0.20625 0.3328125
19 0.86328125 0.86328125 0.2734375 0.2734375
19 0.62109375 0.5328125 0.125 0.190625
19 0.9546875 0.3125 0.090625 0.34375
19 0.0640625 0.9609375 0.121875 0.078125
19 0.1640625 0.1625 0.3203125 0.315625
19 0.390625 0.91796875 0.140625 0.1640625
19 0.759375 0.30625 0.346875 0.378125
19 0.23515625 0.9203125 0.4609375 0.159375
19 0.4203125 0.91796875 0.309375 0.1640625
19 0.178125 0.946875 0.346875 0.10625
19 0.6171875 0.1328125 0.1796875 0.2578125