19 0.728125 0.490625 0.53515625 0.39453125
19 0.446875 0.73828125 0.49609375 0.515625
19 0.4984375 0.4984375 0.99609375 0.99609375
19 0.23203125 0.2671875 0.4640625 0.534375
19 0.0453125 0.80625 0.08984375 0.18359375
19 0.19140625 0.40625 0.3828125 0.2890625
19 0.29765625 0.103125 0.3328125 0.20625
19 0.13671875 0.13671875 0.2734375 0.2734375
19 0.4671875 0.37890625 0.19140625 0.125
19 0.6875 0.0453125 0.34375 0.08984375
19 0.0390625 0.9359375 0.078125 0.12109375
19 0.8375 0.8359375 0.31640625 0.3203125
19 0.08203125 0.609375 0.1640625 0.140625
19 0.69375 0.240625 0.37890625 0.34765625
19 0.0796875 0.76484375 0.159375 0.4609375
19 0.08203125 0.5796875 0.1640625 0.30859375
19 0.053125 0.821875 0.10546875 0.34765625
19 0.8671875 0.3828125 0.2578125 0.1796875