19 0.5015625 0.4984375 0.996875 0.996875
19 0.36640625 0.0796875 0.5984375 0.159375
19 0.9515625 0.0859375 0.096875 0.171875
19 0.73828125 0.515625 0.5234375 0.1640625
19 0.5140625 0.64375 0.971875 0.4375
19 0.92578125 0.8734375 0.1484375 0.246875
19 0.3921875 0.6484375 0.121875 0.3828125
19 0.9703125 0.3515625 0.059375 0.140625
19 0.2875 0.3125 0.35625 0.3203125
19 0.16015625 0.021875 0.3125 0.04375
19 0.225 0.6625 0.3875 0.403125
19 0.396875 0.3296875 0.128125 0.23125
19 0.2125 0.021875 0.159375 0.04375
19 0.72265625 0.7953125 0.5546875 0.403125
19 0.321875 0.021875 0.496875 0.04375
19 0.584375 0.4953125 0.83125 0.203125