19 0.48828125 0.453125 0.9765625 0.8046875
19 0.509375 0.6421875 0.3625 0.309375
19 0.5 0.2890625 0.2109375 0.359375
19 0.428125 0.6484375 0.190625 0.2734375
19 0.1875 0.203125 0.203125 0.296875
19 0.8453125 0.509375 0.26875 0.10625
19 0.2015625 0.46875 0.403125 0.1484375
19 0.321875 0.9453125 0.2078125 0.078125
19 0.96484375 0.4546875 0.0625 0.128125
19 0.94140625 0.021875 0.109375 0.034375
19 0.24609375 0.26171875 0.3203125 0.40625
19 0.0703125 0.4984375 0.140625 0.2
19 0.6015625 0.634375 0.1796875 0.278125