19 0.28515625 0.14453125 0.2890625 0.2890625
19 0.8765625 0.734375 0.23828125 0.2421875
19 0.846875 0.0953125 0.296875 0.190625
19 0.84375 0.29296875 0.3046875 0.109375
19 0.4703125 0.321875 0.57421875 0.51171875
19 0.4984375 0.4984375 0.99609375 0.99609375
19 0.8921875 0.4125 0.20703125 0.18359375
19 0.8609375 0.96484375 0.26953125 0.0625
19 0.1 0.975 0.19921875 0.04296875
19 0.6421875 0.4234375 0.21484375 0.30859375
19 0.19375 0.69140625 0.38671875 0.46875
19 0.24609375 0.52734375 0.4921875 0.59375