19 0.4984375 0.4984375 0.99609375 0.99609375
19 0.63359375 0.0796875 0.5984375 0.159375
19 0.0484375 0.0859375 0.096875 0.171875
19 0.26171875 0.515625 0.5234375 0.1640625
19 0.4859375 0.64375 0.971875 0.4375
19 0.07421875 0.8734375 0.1484375 0.24609375
19 0.6078125 0.6484375 0.12109375 0.3828125
19 0.0296875 0.3515625 0.05859375 0.140625
19 0.7125 0.3125 0.35546875 0.3203125
19 0.83984375 0.021875 0.3125 0.04296875
19 0.775 0.6625 0.38671875 0.40234375
19 0.603125 0.3296875 0.12890625 0.23046875
19 0.7875 0.021875 0.16015625 0.04296875
19 0.27734375 0.7953125 0.5546875 0.40234375
19 0.678125 0.021875 0.49609375 0.04296875
19 0.415625 0.4953125 0.83125 0.203125