19 0.48828125 0.546875 0.9765625 0.8046875
19 0.509375 0.3578125 0.36328125 0.30859375
19 0.5 0.7109375 0.2109375 0.359375
19 0.428125 0.3515625 0.19140625 0.2734375
19 0.1875 0.796875 0.203125 0.296875
19 0.8453125 0.490625 0.26953125 0.10546875
19 0.2015625 0.53125 0.40234375 0.1484375
19 0.321875 0.0546875 0.20703125 0.078125
19 0.96484375 0.5453125 0.0625 0.12890625
19 0.94140625 0.978125 0.109375 0.03515625
19 0.24609375 0.73828125 0.3203125 0.40625
19 0.0703125 0.5015625 0.140625 0.19921875
19 0.6015625 0.365625 0.1796875 0.27734375