19 0.4984375 0.4984375 0.996875 0.996875
19 0.0796875 0.63359375 0.159375 0.5984375
19 0.0859375 0.0484375 0.171875 0.096875
19 0.515625 0.26171875 0.1640625 0.5234375
19 0.64375 0.4859375 0.4375 0.971875
19 0.8734375 0.07421875 0.246875 0.1484375
19 0.6484375 0.6078125 0.3828125 0.121875
19 0.3515625 0.0296875 0.140625 0.059375
19 0.3125 0.7125 0.3203125 0.35625
19 0.021875 0.83984375 0.04375 0.3125
19 0.6625 0.775 0.403125 0.3875
19 0.3296875 0.603125 0.23125 0.128125
19 0.021875 0.7875 0.04375 0.159375
19 0.7953125 0.27734375 0.403125 0.5546875
19 0.021875 0.678125 0.04375 0.496875
19 0.4953125 0.415625 0.203125 0.83125