19 0.453125 0.48828125 0.8046875 0.9765625
19 0.6421875 0.509375 0.309375 0.3625
19 0.2890625 0.5 0.359375 0.2109375
19 0.6484375 0.428125 0.2734375 0.190625
19 0.203125 0.1875 0.296875 0.203125
19 0.509375 0.8453125 0.10625 0.26875
19 0.46875 0.2015625 0.1484375 0.403125
19 0.9453125 0.321875 0.078125 0.20625
19 0.4546875 0.96484375 0.128125 0.0625
19 0.021875 0.94140625 0.034375 0.109375
19 0.26171875 0.24609375 0.40625 0.3203125
19 0.4984375 0.0703125 0.2 0.140625
19 0.634375 0.6015625 0.278125 0.1796875