19 0.49609375 0.48046875 0.9921875 0.75
19 0.265625 0.69921875 0.4140625 0.3125
19 0.6734375 0.3125 0.54375 0.4140625
19 0.921875 0.93125 0.1484375 0.1375
19 0.3109375 0.2984375 0.2625 0.371875
19 0.14453125 0.38671875 0.2890625 0.296875
19 0.6890625 0.5859375 0.565625 0.296875
19 0.0609375 0.5765625 0.121875 0.1453125
19 0.64453125 0.9515625 0.1796875 0.096875
19 0.0375 0.9546875 0.075 0.090625
19 0.05078125 0.9765625 0.1015625 0.046875
19 0.021875 0.9375 0.04375 0.125
19 0.85 0.01171875 0.284375 0.015625
19 0.77734375 0.93125 0.4375 0.1375
19 0.04296875 0.7515625 0.0859375 0.1828125
19 0.0609375 0.6546875 0.121875 0.3