19 0.48046875 0.49609375 0.75 0.9921875
19 0.69921875 0.265625 0.3125 0.4140625
19 0.3125 0.6734375 0.4140625 0.54375
19 0.93125 0.921875 0.1375 0.1484375
19 0.2984375 0.3109375 0.371875 0.2625
19 0.38671875 0.14453125 0.296875 0.2890625
19 0.5859375 0.6890625 0.296875 0.565625
19 0.5765625 0.0609375 0.14375 0.121875
19 0.9515625 0.64453125 0.096875 0.1796875
19 0.9546875 0.0375 0.090625 0.075
19 0.9765625 0.05078125 0.046875 0.1015625
19 0.9375 0.021875 0.125 0.04375
19 0.01171875 0.85 0.015625 0.284375
19 0.93125 0.77734375 0.1375 0.4375
19 0.7515625 0.04296875 0.184375 0.0859375
19 0.6546875 0.0609375 0.3 0.121875