19 0.49609375 0.51953125 0.9921875 0.75
19 0.265625 0.30078125 0.4140625 0.3125
19 0.6734375 0.6875 0.54375 0.4140625
19 0.921875 0.06875 0.1484375 0.1375
19 0.3109375 0.7015625 0.2625 0.371875
19 0.14453125 0.61328125 0.2890625 0.296875
19 0.6890625 0.4140625 0.565625 0.296875
19 0.0609375 0.4234375 0.121875 0.14375
19 0.64453125 0.0484375 0.1796875 0.096875
19 0.0375 0.0453125 0.075 0.090625
19 0.05078125 0.0234375 0.1015625 0.046875
19 0.021875 0.0625 0.04375 0.125
19 0.85 0.98828125 0.284375 0.015625
19 0.77734375 0.06875 0.4375 0.1375
19 0.04296875 0.2484375 0.0859375 0.184375
19 0.0609375 0.3453125 0.121875 0.3