19 0.51953125 0.49609375 0.75 0.9921875
19 0.30078125 0.265625 0.3125 0.4140625
19 0.6875 0.6734375 0.4140625 0.54296875
19 0.06875 0.921875 0.13671875 0.1484375
19 0.7015625 0.3109375 0.37109375 0.26171875
19 0.61328125 0.14453125 0.296875 0.2890625
19 0.4140625 0.6890625 0.296875 0.56640625
19 0.4234375 0.0609375 0.14453125 0.12109375
19 0.0484375 0.64453125 0.096875 0.1796875
19 0.0453125 0.0375 0.08984375 0.07421875
19 0.0234375 0.05078125 0.046875 0.1015625
19 0.0625 0.021875 0.125 0.04296875
19 0.98828125 0.85 0.015625 0.28515625
19 0.06875 0.77734375 0.13671875 0.4375
19 0.2484375 0.04296875 0.18359375 0.0859375
19 0.3453125 0.0609375 0.30078125 0.12109375