19 0.4984375 0.4984375 0.99609375 0.99609375
19 0.2421875 0.88125 0.484375 0.21484375
19 0.6265625 0.671875 0.31640625 0.34375
19 0.8265625 0.1328125 0.33984375 0.265625
19 0.57421875 0.8984375 0.4453125 0.1953125
19 0.884375 0.87109375 0.19140625 0.25
19 0.759375 0.4453125 0.10546875 0.171875
19 0.56875 0.240625 0.14453125 0.15234375
19 0.53125 0.9375 0.328125 0.1171875
19 0.11328125 0.3828125 0.2265625 0.1328125
19 0.3109375 0.740625 0.52734375 0.15234375
19 0.8765625 0.740625 0.20703125 0.51171875