19 0.4984375 0.5015625 0.996875 0.996875
19 0.275 0.30625 0.3328125 0.2
19 0.8515625 0.39453125 0.2890625 0.2578125
19 0.125 0.1390625 0.25 0.2703125
19 0.6875 0.540625 0.6171875 0.575
19 0.72265625 0.7203125 0.1015625 0.190625
19 0.709375 0.228125 0.2703125 0.246875
19 0.35546875 0.7984375 0.5625 0.403125
19 0.27734375 0.9140625 0.1953125 0.171875
19 0.9 0.1875 0.190625 0.1328125
19 0.0875 0.31640625 0.175 0.1953125
19 0.3109375 0.69921875 0.1375 0.203125
19 0.3984375 0.53125 0.3125 0.1640625
19 0.4515625 0.9625 0.1921875 0.075