19 0.4984375 0.4984375 0.99609375 0.99609375
19 0.275 0.69375 0.33203125 0.19921875
19 0.8515625 0.60546875 0.2890625 0.2578125
19 0.125 0.8609375 0.25 0.26953125
19 0.6875 0.459375 0.6171875 0.57421875
19 0.72265625 0.2796875 0.1015625 0.19140625
19 0.709375 0.771875 0.26953125 0.24609375
19 0.35546875 0.2015625 0.5625 0.40234375
19 0.27734375 0.0859375 0.1953125 0.171875
19 0.9 0.8125 0.19140625 0.1328125
19 0.0875 0.68359375 0.175 0.1953125
19 0.3109375 0.30078125 0.13671875 0.203125
19 0.3984375 0.46875 0.3125 0.1640625
19 0.4515625 0.0375 0.19140625 0.07421875