19 0.4984375 0.4984375 0.996875 0.996875
19 0.69375 0.275 0.2 0.33125
19 0.60546875 0.8515625 0.2578125 0.2890625
19 0.8609375 0.125 0.26875 0.25
19 0.459375 0.6875 0.575 0.6171875
19 0.2796875 0.72265625 0.190625 0.1015625
19 0.771875 0.709375 0.246875 0.26875
19 0.2015625 0.35546875 0.403125 0.5625
19 0.0859375 0.27734375 0.171875 0.1953125
19 0.8125 0.9 0.1328125 0.190625
19 0.68359375 0.0875 0.1953125 0.175
19 0.30078125 0.3109375 0.203125 0.1375
19 0.46875 0.3984375 0.1640625 0.3125
19 0.0375 0.4515625 0.075 0.190625