19 0.5 0.2734375 0.296875 0.1796875
19 0.78515625 0.1078125 0.140625 0.20625
19 0.290625 0.66015625 0.29375 0.3203125
19 0.103125 0.8609375 0.121875 0.278125
19 0.1234375 0.4609375 0.121875 0.375
19 0.03515625 0.509375 0.0625 0.2765625
19 0.275 0.75 0.309375 0.140625
19 0.4390625 0.55078125 0.08125 0.234375
19 0.3140625 0.09375 0.20625 0.1796875
19 0.28125 0.58203125 0.2421875 0.1640625
19 0.53125 0.0796875 0.2421875 0.153125
19 0.5015625 0.5015625 0.996875 0.996875
19 0.83203125 0.946875 0.0703125 0.10625
19 0.3765625 0.203125 0.190625 0.1171875
19 0.9046875 0.1 0.08125 0.128125
19 0.10546875 0.025 0.203125 0.04375
19 0.196875 0.7421875 0.153125 0.1171875