19 0.7265625 0.5 0.1796875 0.296875
19 0.8921875 0.21484375 0.20625 0.140625
19 0.33984375 0.709375 0.3203125 0.29375
19 0.1390625 0.896875 0.278125 0.121875
19 0.5390625 0.8765625 0.375 0.121875
19 0.490625 0.96484375 0.278125 0.0625
19 0.25 0.725 0.140625 0.309375
19 0.44921875 0.5609375 0.234375 0.08125
19 0.90625 0.6859375 0.1796875 0.20625
19 0.41796875 0.71875 0.1640625 0.2421875
19 0.9203125 0.46875 0.153125 0.2421875
19 0.4984375 0.4984375 0.996875 0.996875
19 0.053125 0.16796875 0.10625 0.0703125
19 0.796875 0.6234375 0.1171875 0.190625
19 0.9 0.0953125 0.128125 0.08125
19 0.975 0.89453125 0.04375 0.203125
19 0.2578125 0.803125 0.1171875 0.153125