19 0.5015625 0.5015625 0.996875 0.996875
19 0.609375 0.8765625 0.4453125 0.246875
19 0.62109375 0.5640625 0.15625 0.45625
19 0.2328125 0.6265625 0.4578125 0.746875
19 0.8296875 0.5328125 0.3 0.4109375
19 0.203125 0.803125 0.234375 0.39375
19 0.23828125 0.359375 0.21875 0.2421875
19 0.4390625 0.18359375 0.41875 0.2109375
19 0.0625 0.06640625 0.1171875 0.125
19 0.509375 0.88671875 0.2390625 0.2265625
19 0.05625 0.4921875 0.10625 0.46875
19 0.490625 0.3421875 0.3953125 0.471875
19 0.10546875 0.91015625 0.15625 0.1796875