19 0.5015625 0.4984375 0.996875 0.996875
19 0.8765625 0.390625 0.246875 0.4453125
19 0.5640625 0.37890625 0.45625 0.15625
19 0.6265625 0.7671875 0.746875 0.45625
19 0.5328125 0.1703125 0.409375 0.3
19 0.803125 0.796875 0.39375 0.234375
19 0.359375 0.76171875 0.2421875 0.21875
19 0.18359375 0.5609375 0.2109375 0.41875
19 0.06640625 0.9375 0.125 0.1171875
19 0.88671875 0.490625 0.2265625 0.2390625
19 0.4921875 0.94375 0.46875 0.10625
19 0.3421875 0.509375 0.471875 0.39375
19 0.91015625 0.89453125 0.1796875 0.15625