19 0.4984375 0.4984375 0.99609375 0.99609375
19 0.390625 0.1234375 0.4453125 0.24609375
19 0.37890625 0.4359375 0.15625 0.45703125
19 0.7671875 0.3734375 0.45703125 0.74609375
19 0.1703125 0.4671875 0.30078125 0.41015625
19 0.796875 0.196875 0.234375 0.39375
19 0.76171875 0.640625 0.21875 0.2421875
19 0.5609375 0.81640625 0.41796875 0.2109375
19 0.9375 0.93359375 0.1171875 0.125
19 0.490625 0.11328125 0.23828125 0.2265625
19 0.94375 0.5078125 0.10546875 0.46875
19 0.509375 0.6578125 0.39453125 0.47265625
19 0.89453125 0.08984375 0.15625 0.1796875