19 0.7875 0.59375 0.41875 0.6328125
19 0.80078125 0.1546875 0.3515625 0.309375
19 0.07578125 0.196875 0.1515625 0.39375
19 0.21640625 0.165625 0.1453125 0.33125
19 0.4984375 0.4984375 0.996875 0.996875
19 0.15625 0.984375 0.1328125 0.0234375
19 0.459375 0.6078125 0.3625 0.778125
19 0.4515625 0.0140625 0.190625 0.028125
19 0.2515625 0.19296875 0.503125 0.3859375
19 0.3609375 0.0609375 0.221875 0.121875
19 0.51171875 0.73828125 0.2578125 0.515625
19 0.56640625 0.9515625 0.3671875 0.090625
19 0.740625 0.6421875 0.190625 0.70625