19 0.4984375 0.546875 0.99609375 0.8984375
19 0.4984375 0.509375 0.99609375 0.25390625
19 0.640625 0.8421875 0.7109375 0.30859375
19 0.2015625 0.7046875 0.40234375 0.21484375
19 0.8375 0.9453125 0.31640625 0.1015625
19 0.975 0.11328125 0.04296875 0.1484375
19 0.771875 0.3265625 0.44921875 0.46484375
19 0.53203125 0.103125 0.2390625 0.20625
19 0.125 0.8984375 0.25 0.1953125
19 0.1390625 0.42578125 0.27734375 0.1484375
19 0.4984375 0.709375 0.99609375 0.22265625
19 0.5625 0.9453125 0.8671875 0.1015625