19 0.4984375 0.4984375 0.996875 0.996875
19 0.2734375 0.8140625 0.234375 0.3625
19 0.8453125 0.3921875 0.215625 0.315625
19 0.228125 0.15625 0.246875 0.3125
19 0.8265625 0.646875 0.340625 0.35625
19 0.82421875 0.146875 0.34375 0.23125
19 0.475 0.8125 0.2 0.3671875
19 0.084375 0.3765625 0.16875 0.153125
19 0.603125 0.07421875 0.190625 0.1484375
19 0.39453125 0.475 0.2734375 0.2625
19 0.69140625 0.984375 0.34375 0.0234375
19 0.7125 0.01953125 0.253125 0.0390625
19 0.4984375 0.15625 0.996875 0.3125