19 0.4984375 0.5015625 0.996875 0.996875
19 0.8140625 0.7265625 0.3625 0.234375
19 0.3921875 0.1546875 0.315625 0.215625
19 0.15625 0.771875 0.3125 0.246875
19 0.646875 0.1734375 0.35625 0.340625
19 0.146875 0.17578125 0.23125 0.34375
19 0.8125 0.525 0.3671875 0.2
19 0.3765625 0.915625 0.153125 0.16875
19 0.07421875 0.396875 0.1484375 0.190625
19 0.475 0.60546875 0.2625 0.2734375
19 0.984375 0.30859375 0.0234375 0.34375
19 0.01953125 0.2875 0.0390625 0.253125
19 0.15625 0.5015625 0.3125 0.996875