19 0.4984375 0.4984375 0.996875 0.996875
19 0.8140625 0.2734375 0.3625 0.234375
19 0.3921875 0.8453125 0.315625 0.215625
19 0.15625 0.228125 0.3125 0.246875
19 0.646875 0.8265625 0.35625 0.340625
19 0.146875 0.82421875 0.23125 0.34375
19 0.8125 0.475 0.3671875 0.2
19 0.3765625 0.084375 0.153125 0.16875
19 0.07421875 0.603125 0.1484375 0.1921875
19 0.475 0.39453125 0.2625 0.2734375
19 0.984375 0.69140625 0.0234375 0.34375
19 0.01953125 0.7125 0.0390625 0.253125
19 0.15625 0.4984375 0.3125 0.996875