19 0.5140625 0.3671875 0.34765625 0.2890625
19 0.4984375 0.4984375 0.99609375 0.99609375
19 0.77734375 0.5078125 0.4375 0.4140625
19 0.61875 0.93359375 0.38671875 0.125
19 0.31640625 0.9046875 0.109375 0.18359375
19 0.16015625 0.05078125 0.3203125 0.1015625
19 0.14453125 0.24375 0.2890625 0.17578125
19 0.12109375 0.3421875 0.140625 0.26171875
19 0.1625 0.459375 0.32421875 0.49609375
19 0.81875 0.5875 0.11328125 0.25390625
19 0.9203125 0.884375 0.15234375 0.18359375
19 0.609375 0.57421875 0.328125 0.2265625
19 0.9140625 0.4921875 0.1640625 0.296875
19 0.0625 0.415625 0.125 0.32421875
19 0.2921875 0.15 0.296875 0.3
19 0.83515625 0.1109375 0.3203125 0.221875