19 0.5140625 0.6328125 0.346875 0.2890625
19 0.4984375 0.5015625 0.996875 0.996875
19 0.77734375 0.4921875 0.4375 0.4140625
19 0.61875 0.06640625 0.3875 0.125
19 0.31640625 0.0953125 0.109375 0.184375
19 0.16015625 0.94921875 0.3203125 0.1015625
19 0.14453125 0.75625 0.2890625 0.175
19 0.12109375 0.6578125 0.140625 0.2625
19 0.1625 0.540625 0.325 0.496875
19 0.81875 0.4125 0.1125 0.2546875
19 0.9203125 0.115625 0.153125 0.184375
19 0.609375 0.42578125 0.328125 0.2265625
19 0.9140625 0.5078125 0.1640625 0.296875
19 0.0625 0.584375 0.125 0.325
19 0.2921875 0.85 0.296875 0.3
19 0.83515625 0.8890625 0.3203125 0.221875