19 0.5015625 0.4984375 0.996875 0.996875
19 0.759375 0.234375 0.20625 0.171875
19 0.13125 0.22265625 0.253125 0.1484375
19 0.56953125 0.1265625 0.1671875 0.253125
19 0.6859375 0.296875 0.35625 0.296875
19 0.646875 0.359375 0.278125 0.171875
19 0.265625 0.80859375 0.21875 0.375
19 0.240625 0.80859375 0.471875 0.375
19 0.140625 0.0328125 0.1875 0.065625
19 0.76171875 0.8984375 0.234375 0.1953125
19 0.38125 0.115625 0.2 0.23125
19 0.78125 0.61875 0.4375 0.51875
19 0.77734375 0.55859375 0.1953125 0.328125
19 0.11328125 0.08203125 0.21875 0.1640625
19 0.93125 0.5625 0.1375 0.1328125
19 0.93125 0.4703125 0.1375 0.221875