19 0.4984375 0.4984375 0.99609375 0.99609375
19 0.234375 0.240625 0.171875 0.20703125
19 0.22265625 0.86875 0.1484375 0.25390625
19 0.1265625 0.43046875 0.253125 0.1671875
19 0.296875 0.3140625 0.296875 0.35546875
19 0.359375 0.353125 0.171875 0.27734375
19 0.80859375 0.734375 0.375 0.21875
19 0.80859375 0.759375 0.375 0.47265625
19 0.0328125 0.859375 0.065625 0.1875
19 0.8984375 0.23828125 0.1953125 0.234375
19 0.115625 0.61875 0.23046875 0.19921875
19 0.61875 0.21875 0.51953125 0.4375
19 0.55859375 0.22265625 0.328125 0.1953125
19 0.08203125 0.88671875 0.1640625 0.21875
19 0.5625 0.06875 0.1328125 0.13671875
19 0.4703125 0.06875 0.22265625 0.13671875