19 0.4984375 0.5015625 0.996875 0.996875
19 0.234375 0.759375 0.171875 0.20625
19 0.22265625 0.13125 0.1484375 0.253125
19 0.1265625 0.56953125 0.253125 0.1671875
19 0.296875 0.6859375 0.296875 0.35625
19 0.359375 0.646875 0.171875 0.278125
19 0.80859375 0.265625 0.375 0.21875
19 0.80859375 0.240625 0.375 0.4734375
19 0.0328125 0.140625 0.065625 0.1875
19 0.8984375 0.76171875 0.1953125 0.234375
19 0.115625 0.38125 0.23125 0.2
19 0.61875 0.78125 0.51875 0.4375
19 0.55859375 0.77734375 0.328125 0.1953125
19 0.08203125 0.11328125 0.1640625 0.21875
19 0.5625 0.93125 0.1328125 0.1375
19 0.4703125 0.93125 0.2234375 0.1375