19 0.1484375 0.0953125 0.2890625 0.184375
19 0.525 0.521875 0.590625 0.7625
19 0.5015625 0.5015625 0.996875 0.996875
19 0.1453125 0.7875 0.28125 0.425
19 0.07421875 0.109375 0.140625 0.1640625
19 0.91796875 0.91796875 0.1640625 0.1640625
19 0.53125 0.021875 0.1484375 0.034375
19 0.2484375 0.0953125 0.090625 0.1375
19 0.921875 0.228125 0.15625 0.45
19 0.9703125 0.071875 0.059375 0.1375
19 0.296875 0.09375 0.5859375 0.1796875
19 0.4765625 0.021875 0.3203125 0.034375
19 0.6265625 0.021875 0.3625 0.034375
19 0.915625 0.5015625 0.16875 0.996875
19 0.89296875 0.8734375 0.2140625 0.253125