19 0.0953125 0.8515625 0.184375 0.2890625
19 0.521875 0.475 0.7625 0.590625
19 0.5015625 0.4984375 0.996875 0.996875
19 0.7875 0.8546875 0.425 0.28125
19 0.109375 0.92578125 0.1640625 0.140625
19 0.91796875 0.08203125 0.1640625 0.1640625
19 0.021875 0.46875 0.034375 0.1484375
19 0.0953125 0.7515625 0.1375 0.090625
19 0.228125 0.078125 0.45 0.15625
19 0.071875 0.0296875 0.1375 0.059375
19 0.09375 0.703125 0.1796875 0.5859375
19 0.021875 0.5234375 0.034375 0.3203125
19 0.021875 0.3734375 0.034375 0.3625
19 0.5015625 0.084375 0.996875 0.16875
19 0.8734375 0.10703125 0.253125 0.2140625