19 0.9046875 0.8515625 0.18359375 0.2890625
19 0.478125 0.475 0.76171875 0.58984375
19 0.4984375 0.4984375 0.99609375 0.99609375
19 0.2125 0.8546875 0.425 0.28125
19 0.890625 0.92578125 0.1640625 0.140625
19 0.08203125 0.08203125 0.1640625 0.1640625
19 0.978125 0.46875 0.03515625 0.1484375
19 0.9046875 0.7515625 0.13671875 0.08984375
19 0.771875 0.078125 0.44921875 0.15625
19 0.928125 0.0296875 0.13671875 0.05859375
19 0.90625 0.703125 0.1796875 0.5859375
19 0.978125 0.5234375 0.03515625 0.3203125
19 0.978125 0.3734375 0.03515625 0.36328125
19 0.4984375 0.084375 0.99609375 0.16796875
19 0.1265625 0.10703125 0.253125 0.2140625