19 0.1484375 0.9046875 0.2890625 0.184375
19 0.525 0.478125 0.590625 0.7625
19 0.5015625 0.4984375 0.996875 0.996875
19 0.1453125 0.2125 0.28125 0.425
19 0.07421875 0.890625 0.140625 0.1640625
19 0.91796875 0.08203125 0.1640625 0.1640625
19 0.53125 0.978125 0.1484375 0.0359375
19 0.2484375 0.9046875 0.090625 0.1375
19 0.921875 0.771875 0.15625 0.45
19 0.9703125 0.928125 0.059375 0.1375
19 0.296875 0.90625 0.5859375 0.1796875
19 0.4765625 0.978125 0.3203125 0.0359375
19 0.6265625 0.978125 0.3625 0.0359375
19 0.915625 0.4984375 0.16875 0.996875
19 0.89296875 0.1265625 0.2140625 0.253125