19 0.5015625 0.4984375 0.996875 0.996875
19 0.36875 0.740625 0.565625 0.5125
19 0.890625 0.50390625 0.21875 0.21875
19 0.7953125 0.9015625 0.409375 0.1875
19 0.5625 0.021875 0.3203125 0.04375
19 0.06875 0.203125 0.128125 0.234375
19 0.44609375 0.134375 0.1953125 0.26875
19 0.87890625 0.23828125 0.140625 0.4765625
19 0.90625 0.93125 0.1875 0.128125
19 0.0703125 0.24609375 0.1328125 0.4921875
19 0.0703125 0.853125 0.1328125 0.284375
19 0.678125 0.30234375 0.64375 0.6046875
19 0.6640625 0.203125 0.359375 0.40625