19 0.4984375 0.5015625 0.996875 0.996875
19 0.740625 0.36875 0.5125 0.565625
19 0.50390625 0.890625 0.21875 0.21875
19 0.9015625 0.7953125 0.1875 0.409375
19 0.021875 0.5625 0.04375 0.3203125
19 0.203125 0.06875 0.234375 0.128125
19 0.134375 0.44609375 0.26875 0.1953125
19 0.23828125 0.87890625 0.4765625 0.140625
19 0.93125 0.90625 0.128125 0.1875
19 0.24609375 0.0703125 0.4921875 0.1328125
19 0.853125 0.0703125 0.284375 0.1328125
19 0.30234375 0.678125 0.6046875 0.64375
19 0.203125 0.6640625 0.40625 0.359375