19 0.4984375 0.4984375 0.99609375 0.99609375
19 0.63125 0.740625 0.56640625 0.51171875
19 0.109375 0.50390625 0.21875 0.21875
19 0.2046875 0.9015625 0.409375 0.1875
19 0.4375 0.021875 0.3203125 0.04296875
19 0.93125 0.203125 0.12890625 0.234375
19 0.55390625 0.134375 0.1953125 0.26875
19 0.12109375 0.23828125 0.140625 0.4765625
19 0.09375 0.93125 0.1875 0.12890625
19 0.9296875 0.24609375 0.1328125 0.4921875
19 0.9296875 0.853125 0.1328125 0.28515625
19 0.321875 0.30234375 0.64375 0.6046875
19 0.3359375 0.203125 0.359375 0.40625