19 0.58359375 0.24375 0.7765625 0.4875
19 0.803125 0.759375 0.38671875 0.47265625
19 0.4984375 0.4984375 0.99609375 0.99609375
19 0.1734375 0.5859375 0.29296875 0.3125
19 0.1015625 0.1109375 0.203125 0.221875
19 0.0140625 0.63125 0.02734375 0.23046875
19 0.553125 0.7953125 0.16796875 0.21484375
19 0.16796875 0.259375 0.15625 0.20703125
19 0.921875 0.12109375 0.1484375 0.2421875
19 0.4359375 0.178125 0.48046875 0.35546875
19 0.3265625 0.6171875 0.59765625 0.578125
19 0.75390625 0.21875 0.4296875 0.4375