19 0.5546875 0.484375 0.8125 0.9609375
19 0.44375 0.6484375 0.58125 0.359375
19 0.52734375 0.78125 0.3984375 0.359375
19 0.509375 0.3578125 0.440625 0.371875
19 0.87578125 0.9515625 0.2390625 0.096875
19 0.74921875 0.9515625 0.4921875 0.096875
19 0.8140625 0.3453125 0.1375 0.425
19 0.12890625 0.0328125 0.2578125 0.059375
19 0.7421875 0.28125 0.28125 0.5546875
19 0.33203125 0.1890625 0.1640625 0.371875
19 0.90234375 0.07421875 0.0703125 0.140625
19 0.8296875 0.7265625 0.253125 0.296875
19 0.25390625 0.20703125 0.3203125 0.40625