19 0.515625 0.5546875 0.9609375 0.8125
19 0.3515625 0.44375 0.359375 0.58125
19 0.21875 0.52734375 0.359375 0.3984375
19 0.6421875 0.509375 0.371875 0.440625
19 0.0484375 0.87578125 0.096875 0.2390625
19 0.0484375 0.74921875 0.096875 0.4921875
19 0.6546875 0.8140625 0.425 0.1375
19 0.9671875 0.12890625 0.059375 0.2578125
19 0.71875 0.7421875 0.5546875 0.28125
19 0.8109375 0.33203125 0.371875 0.1640625
19 0.92578125 0.90234375 0.140625 0.0703125
19 0.2734375 0.8296875 0.296875 0.253125
19 0.79296875 0.25390625 0.40625 0.3203125