19 0.5015625 0.5015625 0.996875 0.996875
19 0.1859375 0.209375 0.3625 0.409375
19 0.34375 0.5015625 0.4296875 0.48125
19 0.7578125 0.84375 0.2578125 0.3125
19 0.646875 0.490625 0.20625 0.653125
19 0.08671875 0.8734375 0.1640625 0.253125
19 0.74375 0.4078125 0.409375 0.809375
19 0.80078125 0.0859375 0.3046875 0.1640625
19 0.87109375 0.58984375 0.2578125 0.1484375
19 0.88671875 0.2109375 0.2265625 0.2109375
19 0.8921875 0.87109375 0.215625 0.2578125
19 0.43125 0.7046875 0.23125 0.590625
19 0.75 0.9515625 0.28125 0.096875
19 0.86875 0.5703125 0.2625 0.5390625