19 0.4984375 0.4984375 0.99609375 0.99609375
19 0.790625 0.8140625 0.41015625 0.36328125
19 0.4984375 0.65625 0.48046875 0.4296875
19 0.15625 0.2421875 0.3125 0.2578125
19 0.509375 0.353125 0.65234375 0.20703125
19 0.1265625 0.91328125 0.253125 0.1640625
19 0.5921875 0.25625 0.80859375 0.41015625
19 0.9140625 0.19921875 0.1640625 0.3046875
19 0.41015625 0.12890625 0.1484375 0.2578125
19 0.7890625 0.11328125 0.2109375 0.2265625
19 0.12890625 0.1078125 0.2578125 0.21484375
19 0.2953125 0.56875 0.58984375 0.23046875
19 0.0484375 0.25 0.096875 0.28125
19 0.4296875 0.13125 0.5390625 0.26171875