19 0.5015625 0.4984375 0.996875 0.996875
19 0.61875 0.234375 0.3875 0.2734375
19 0.10546875 0.0375 0.203125 0.075
19 0.0859375 0.76171875 0.1640625 0.3359375
19 0.2421875 0.7203125 0.3046875 0.55
19 0.19921875 0.51171875 0.390625 0.21875
19 0.75 0.4078125 0.5 0.253125
19 0.65 0.6703125 0.3625 0.496875
19 0.18125 0.0625 0.35625 0.125
19 0.4453125 0.65625 0.1796875 0.421875
19 0.6703125 0.92890625 0.659375 0.1328125
19 0.76171875 0.578125 0.4765625 0.3515625
19 0.2828125 0.0625 0.153125 0.125
19 0.9140625 0.2203125 0.171875 0.159375